2 2
7 ((7))
35 ((18+17))
0 ((0))
0 ((13-13))
7 7
4294967176 (15*((9)-17))
4 4
10 (10)
2 2
12 ((12))
17 17
11 (7+((((8)))-4))
15 15
18 ((18))
6 6
12 ((12))
6 6
3 (((3)/1))
8 (4+(4))
8 8
17 17
12 12
3 3
11 ((20+13)/3)
1 1
2 (10/5)
3 (3)
13 13
3 3
2 2
2 2
13 13
10 10
17 (((17)))
14 (14)
2 (13/6)
1 (13/(1+(8)))
4294967287 ((2-11))
1 1
1 ((17/(1+(3)))/3)
10 10
7 7
19 19
10 10
1 ((15)/11)
20 (((11)+9))
17 17
4294967276 (0-20)
320 ((16*((20))))
7 ((7))
1 1
15 15
2 ((3/(1+(1)))*(2))
7 7
16 16
23 ((14)+9)
4 ((4))
17 (17)
5 5
14 14
11 11
18 18
15 15
3 3
0 ((10-8)/(((4))))
128 ((8*16))
11 11
9 9
23 (14+9)
1 1
2 ((19/7))
13 (13)
9 9
1 1
1 (1)
12 (12)
19 19
2 (12/5)
4 4
0 (0)
18 ((18))
5 5
4 4
9 ((9))
10 (10/(1+(0)))
4 (19-(15))
4294967279 ((2)-(19))
0 (0/(1+(15)))
8 8
4 4
4 (((8)/2))
4294967282 (((2))-(16))
10 10
14 ((14))
1 (((18))/(1+((14))))
8 (8)
17 (((17)))
18 18
19 19
